Simulation.Economies.BaseEconomy(GBP).Nominal.ShortRateModel.Process1.dZ,Simulation.Economies.BaseEconomy(GBP).Nominal.ShortRateModel.Process2.dZ,Simulation.Economies.BaseEconomy(GBP).NominalFca(Swaps).Nominal.ShortRateModel.Process1.dZ,Simulation.Economies.BaseEconomy(GBP).NominalFca(Swaps).Nominal.ShortRateModel.Process2.dZ,Simulation.Economies.BaseEconomy(GBP).NominalFca(Swaps).ExchangeRate.dZ,Simulation.Economies.BaseEconomy(GBP).RealRateAndInflation(RPIGilts).RealRate.ShortRateModel.Process1.dZ,Simulation.Economies.BaseEconomy(GBP).RealRateAndInflation(RPIGilts).RealRate.ShortRateModel.Process2.dZ,Simulation.Economies.BaseEconomy(GBP).RealRateAndInflation(RPISwaps).RealRate.ShortRateModel.Process1.dZ,Simulation.Economies.BaseEconomy(GBP).RealRateAndInflation(RPISwaps).RealRate.ShortRateModel.Process2.dZ,Simulation.Economies.BaseEconomy(GBP).RealRateAndInflation(CPIGilts).RealRate.ShortRateModel.Process1.dZ,Simulation.Economies.BaseEconomy(GBP).RealRateAndInflation(CPIGilts).RealRate.ShortRateModel.Process2.dZ,Simulation.Economies.BaseEconomy(GBP).RealRateAndInflation(CPISwaps).RealRate.ShortRateModel.Process1.dZ,Simulation.Economies.BaseEconomy(GBP).RealRateAndInflation(CPISwaps).RealRate.ShortRateModel.Process2.dZ,Simulation.Economies.BaseEconomy(GBP).WedgeCurrencyAndInflationWedge.WedgeCurrency.ShortRateModel.Process1.dZ,Simulation.Economies.BaseEconomy(GBP).WedgeCurrencyAndInflationWedge.WedgeCurrency.ShortRateModel.Process2.dZ
1.0000000000,-0.7395165238,0.9999999986,-0.7394287872,0.0000000000,0.7407810093,-0.5670609399,0.7408840910,-0.5671652734,0.7407436388,-0.5670606922,0.7407442662,-0.5670607424,0.7298770287,-0.5776039046
-0.7395165238,1.0000000000,-0.7395177204,0.9999918975,0.0000000000,-0.5031907030,0.8334843101,-0.5029259307,0.8334358111,-0.5033286439,0.8334002397,-0.5031731912,0.8335365973,-0.5773514283,0.7477267326
0.9999999986,-0.7395177204,1.0000000000,-0.7394300472,0.0000000000,0.7407765077,-0.5670573909,0.7408775153,-0.5671625280,0.7407386476,-0.5670576574,0.7407390530,-0.5670573439,0.7298774648,-0.5776058623
-0.7394287872,0.9999918975,-0.7394300472,1.0000000000,0.0000000000,-0.5031667746,0.8338543047,-0.5031509322,0.8336146922,-0.5031322789,0.8339383786,-0.5032862997,0.8338023264,-0.5767373553,0.7481088555
0.0000000000,0.0000000000,0.0000000000,0.0000000000,1.0000000000,0.0000000000,0.0000000000,0.0000000000,0.0000000000,0.0000000000,0.0000000000,0.0000000000,0.0000000000,0.0000000000,-0.0001126051
0.7407810093,-0.5031907030,0.7407765077,-0.5031667746,0.0000000000,1.0000000000,-0.6798679557,0.9354912115,-0.6797967088,0.9355865724,-0.6798676536,0.9355860442,-0.6798679411,0.9223098213,-0.7026794288
-0.5670609399,0.8334843101,-0.5670573909,0.8338543047,0.0000000000,-0.6798679557,1.0000000000,-0.6799485634,0.9368786346,-0.6798379890,0.9367955315,-0.6798384870,0.9367956247,-0.6984431065,0.9157301308
0.7408840910,-0.5029259307,0.7408775153,-0.5031509322,0.0000000000,0.9354912115,-0.6799485634,1.0000000000,-0.6798788827,0.9355171974,-0.6799479317,0.9355153805,-0.6799489913,0.9124019680,-0.6926078051
-0.5671652734,0.8334358111,-0.5671625280,0.8336146922,0.0000000000,-0.6797967088,0.9368786346,-0.6798788827,1.0000000000,-0.6797659561,0.9368788425,-0.6797669761,0.9368783344,-0.6885362332,0.9056560823
0.7407436388,-0.5033286439,0.7407386476,-0.5031322789,0.0000000000,0.9355865724,-0.6798379890,0.9355171974,-0.6797659561,1.0000000000,-0.6798387141,0.9356124133,-0.6798379686,0.9222752146,-0.7017061342
-0.5670606922,0.8334002397,-0.5670576574,0.8339383786,0.0000000000,-0.6798676536,0.9367955315,-0.6799479317,0.9368788425,-0.6798387141,1.0000000000,-0.6798377979,0.9367955225,-0.6984441921,0.9157298386
0.7407442662,-0.5031731912,0.7407390530,-0.5032862997,0.0000000000,0.9355860442,-0.6798384870,0.9355153805,-0.6797669761,0.9356124133,-0.6798377979,1.0000000000,-0.6798389139,0.9222769280,-0.7017056395
-0.5670607424,0.8335365973,-0.5670573439,0.8338023264,0.0000000000,-0.6798679411,0.9367956247,-0.6799489913,0.9368783344,-0.6798379686,0.9367955225,-0.6798389139,1.0000000000,-0.6984424129,0.9157302647
0.7298770287,-0.5773514283,0.7298774648,-0.5767373553,0.0000000000,0.9223098213,-0.6984431065,0.9124019680,-0.6885362332,0.9222752146,-0.6984441921,0.9222769280,-0.6984424129,1.0000000000,-0.6781516356
-0.5776039046,0.7477267326,-0.5776058623,0.7481088555,-0.0001126051,-0.7026794288,0.9157301308,-0.6926078051,0.9056560823,-0.7017061342,0.9157298386,-0.7017056395,0.9157302647,-0.6781516356,1.0000000000
